4.0983307e-11,1.0,8.485787e-09
2.1887486e-07,5.2326314e-08,0.99999976
0.9999275,6.904096e-05,3.4097975e-06
2.7823449e-12,3.489906e-10,1.0
0.0002129868,0.99836344,0.0014235064
2.3937857e-05,7.1745904e-05,0.9999043
0.9999949,1.905656e-06,3.215422e-06
5.1067598e-08,1.3410083e-07,0.99999976
0.99999833,9.93427e-07,6.648153e-07
0.9961482,0.0032436566,0.00060809427
0.026009416,0.5755949,0.3983957
0.004675172,0.0012153789,0.9941095
0.9998658,6.947651e-05,6.47753e-05
0.9999851,1.2741779e-06,1.3546599e-05
0.27185524,0.7196812,0.008463552
0.9995067,4.206473e-05,0.00045119744
0.9406092,0.05936565,2.5063337e-05
0.9999583,4.042092e-05,1.3458679e-06
0.99997973,1.7521039e-06,1.8496334e-05
0.9974867,0.0018948439,0.0006184779
0.9859679,0.009356369,0.0046757176
0.00033003045,0.9996656,4.3730224e-06
3.7414402e-08,4.8614874e-07,0.9999995
0.015750287,0.98398054,0.0002691994
5.8080567e-09,2.3412083e-09,1.0
0.99990165,1.6769114e-05,8.147987e-05
0.98425585,0.0024467094,0.013297411
0.9999652,2.4098652e-05,1.076731e-05
0.038934775,0.06648331,0.8945819
4.1340118e-06,0.99966717,0.00032869322
8.359595e-06,3.0896924e-06,0.99998856
0.999979,1.5986789e-05,5.062185e-06
0.99999976,6.185757e-09,2.37003e-07
0.018186243,0.9818101,3.6723661e-06
1.1340604e-06,5.714405e-06,0.9999932
1.122026e-05,0.00015139814,0.9998374
2.4098876e-10,6.19669e-10,1.0
1.0,1.3772005e-08,4.59055e-08
7.2916277e-09,1.0276962e-06,0.9999989
0.010516937,0.98948264,4.8170983e-07
0.9226453,0.07713201,0.00022274323
6.004447e-07,6.4320498e-06,0.99999297
0.00013131295,5.078779e-05,0.9998179
2.714473e-06,1.3990957e-07,0.99999714
2.7857675e-10,4.782263e-09,1.0
5.7935475e-05,0.0016960689,0.99824595
0.9999732,2.4789077e-05,2.051105e-06
1.166065e-05,0.001183027,0.9988053
0.0015833316,0.9974988,0.0009179312
0.00015043853,0.9997446,0.000105014806
0.999798,0.00017673628,2.5277186e-05
1.9600652e-09,6.5762624e-06,0.99999344
1.4175272e-06,5.07721e-07,0.9999981
0.9973916,0.0007844404,0.0018238471
0.99999976,2.4148683e-08,2.2435977e-07
4.7445983e-06,3.8956292e-05,0.99995625
0.99999917,3.668431e-07,4.589621e-07
4.3816293e-05,1.0022444e-05,0.9999461
0.99928844,2.0572885e-05,0.000690933
4.073199e-05,0.99981207,0.00014719104
1.3287806e-06,4.702213e-05,0.9999516
3.7150313e-12,1.0,1.1380024e-11
0.9999995,3.4292825e-07,1.1704769e-07
0.0031031806,0.996845,5.1779687e-05
0.99975044,0.00018789168,6.164455e-05
0.99952376,0.0004308516,4.535183e-05
8.403441e-08,0.99999845,1.4463049e-06
4.598907e-05,0.9759956,0.023958493
9.267989e-05,0.881005,0.11890233
0.9975654,0.0022671374,0.00016741335
0.0035654139,0.00093197485,0.99550265
9.824815e-13,1.0,2.7019953e-10
0.9857291,0.0011555529,0.013115276
0.5947441,0.4002752,0.004980745
0.16286634,0.70915467,0.12797906
0.04235233,0.006509665,0.95113796
1.0,2.3165554e-09,1.6720673e-08
0.99883705,1.9535194e-06,0.0011610476
0.0007236743,0.99902594,0.0002503917
0.99999523,2.0824739e-06,2.7789247e-06
6.744786e-08,0.9999527,4.7256624e-05
1.7034887e-08,2.8679683e-08,1.0
0.0002652395,0.005860076,0.9938746
5.3451116e-10,3.6661358e-09,1.0
0.06787876,0.8487799,0.08334134
0.99997795,1.8293456e-05,3.7720702e-06
1.2328867e-11,2.025919e-09,1.0
7.031481e-05,0.10081756,0.8991121
1.264927e-05,2.446807e-06,0.99998486
0.9999908,4.1854773e-06,5.0037265e-06
0.014273651,0.9854419,0.0002843603
0.00023343715,0.9994935,0.000273131
4.0513452e-08,1.7542998e-05,0.99998236
4.5508514e-05,0.9934394,0.006515137
0.9999993,5.6868953e-07,6.55358e-08
0.00019183742,0.092363544,0.90744466
1.1869242e-06,2.2557074e-08,0.9999988
1.7865624e-08,8.68093e-08,0.9999999
8.668116e-08,8.1514764e-07,0.99999905
4.8625392e-05,0.025532365,0.97441906
0.002743383,0.9970811,0.00017541673
0.009701302,0.00140985,0.9888889
3.2499295e-10,3.0775818e-10,1.0
2.239168e-06,0.99999523,2.5597137e-06
0.00047739808,0.9992742,0.00024838757
0.99953866,0.00044189088,1.936766e-05
0.33737835,0.029479895,0.63314176
0.9999286,2.9897748e-05,4.145851e-05
1.7195267e-06,0.999998,3.528948e-07
0.995909,0.0013259455,0.0027650844
8.0445625e-07,0.4271221,0.57287705
1.0,5.9904554e-10,4.7951442e-08
1.8995514e-08,2.6533587e-06,0.9999974
0.0015122223,0.99823534,0.00025244165
3.6103827e-07,1.4800946e-06,0.9999982
0.99906105,0.00092376047,1.5215847e-05
2.2765205e-05,0.038596615,0.9613806
0.99893373,0.00082139205,0.00024478487
0.013848145,0.45578322,0.5303687
2.198914e-08,1.9294406e-08,1.0
0.9997042,0.0002774785,1.834851e-05
3.8238178e-07,0.99999964,3.8504613e-09
2.0994007e-07,1.5590748e-06,0.9999982
3.0188723e-06,0.00015676752,0.99984014
0.0056661614,0.99430674,2.7088736e-05
1.6066484e-10,1.0,4.4435763e-10
0.00075060665,0.0035958148,0.9956535
0.9999136,5.2358075e-05,3.4094002e-05
5.1232463e-09,0.9999981,1.9045121e-06
0.2043884,0.77099115,0.024620498
0.1704382,0.18400642,0.6455554
0.9999994,4.91222e-07,1.3991016e-07
0.015236916,0.9794038,0.005359332
1.0884973e-07,0.9997187,0.000281191
8.543062e-09,3.348713e-07,0.99999964
0.9997483,0.00018305353,6.8695044e-05
0.99999917,5.9721606e-07,2.0773041e-07
5.979905e-11,3.592245e-09,1.0
2.4293804e-05,7.454442e-07,0.99997497
1.6554236e-07,1.1562739e-05,0.9999883
0.9999896,9.27775e-06,1.0599156e-06
5.1673414e-06,1.7032893e-05,0.9999778
1.0,1.1270223e-08,3.2067657e-10
8.337672e-09,4.737593e-10,1.0
0.0012646522,0.0005558485,0.99817955
0.9999776,2.237006e-05,3.4931606e-08
0.0093358485,0.017847668,0.97281647
0.99995196,5.388191e-07,4.7442274e-05
0.008732963,0.0075953696,0.9836716
9.14142e-08,1.0805135e-07,0.99999976
0.9999956,3.0915005e-06,1.365715e-06
0.77518606,0.19666943,0.028144483
1.0733301e-08,1.453785e-07,0.9999999
9.218481e-06,7.7996365e-06,0.99998295
8.127233e-06,2.0796224e-06,0.99998975
0.4408482,0.5585461,0.0006057161
2.7139544e-05,0.99889624,0.0010766119
0.0073761125,0.0023389908,0.99028486
0.99587375,0.003800874,0.0003254115
0.009710243,0.9103697,0.07992004
1.1790738e-09,1.2350351e-08,1.0
1.0326609e-06,0.99999166,7.2550797e-06
1.6438918e-05,0.99991477,6.881652e-05
2.436564e-07,5.0935302e-08,0.99999976
8.9395197e-10,1.0693089e-08,1.0
0.0037103721,0.9961312,0.00015843434
2.847805e-08,3.9360623e-10,1.0
0.00291665,0.9926322,0.004451107
0.99998593,7.5867224e-06,6.4621195e-06
1.0,4.296272e-09,4.2430854e-09
0.9996784,3.2074975e-05,0.00028958337
4.239516e-10,4.6831715e-08,1.0
0.9995648,0.0001996922,0.00023550997
0.99999285,4.8540405e-06,2.2615725e-06
0.98453933,0.008298065,0.0071626343
4.9929517e-06,0.9999943,6.8719675e-07
4.7426603e-08,1.7256346e-08,0.9999999
1.0,1.5059351e-08,1.3806419e-10
1.5685939e-07,5.811543e-07,0.9999993
0.044154953,0.12644087,0.8294042
0.0013001239,0.00012415226,0.9985757
7.958389e-05,0.8755223,0.124398045
4.69605e-06,0.00015880693,0.99983644
1.8675701e-10,4.9077693e-09,1.0
0.97840196,0.02153819,5.987659e-05
4.9055966e-06,0.9999466,4.8490063e-05
0.9993925,0.0005760356,3.1416763e-05
0.98642564,0.00078887516,0.012785478
0.8356921,0.13559182,0.028716015
0.27836612,0.0010135309,0.72062033
0.1952339,0.7117036,0.0930625
0.00037645103,0.99934524,0.00027832141
0.0017413092,0.7292485,0.26901022
0.99999976,1.2179049e-07,1.4361298e-07
0.001813035,0.9895349,0.008652011
0.00020489884,0.9997093,8.580161e-05
0.9998319,2.1994832e-05,0.00014598834
0.003066503,0.00018381768,0.99674964
6.375205e-07,3.1896263e-07,0.99999905
4.6023224e-06,6.546277e-05,0.9999299
0.9994299,4.237496e-06,0.00056581147
1.13219685e-05,0.9999807,7.995698e-06
0.999572,8.674858e-06,0.00041931236
0.99999976,2.897545e-07,3.3529537e-09
0.23461264,0.031461354,0.733926
0.9999925,6.6972566e-06,7.952836e-07
0.9471189,0.050594658,0.0022864603
0.9841552,0.01476327,0.0010815464
3.860138e-10,1.0,2.0191196e-11
0.013409724,0.7771479,0.2094424
1.0,5.762553e-08,6.190075e-10
0.9972766,0.0006552845,0.002068071
0.9999982,3.3547687e-07,1.4824368e-06
0.9999999,1.0561114e-08,1.2507203e-07
7.473182e-07,0.9999968,2.5147942e-06
0.99998987,1.3065891e-06,8.774655e-06
0.999833,0.00016389714,3.1114937e-06
0.9999999,4.0537333e-09,1.0968743e-07
0.91458625,0.00018983241,0.085223936
5.7728742e-11,2.1090033e-12,1.0
1.0,2.7678212e-08,1.2753619e-09
0.69879115,0.0016714016,0.2995375
0.91253334,0.06946656,0.018000165
0.020794276,0.008099894,0.9711058
1.0,1.6102524e-11,1.2353778e-10
7.1269884e-10,2.9708815e-09,1.0
3.7730196e-08,4.8486195e-06,0.9999951
2.055015e-06,7.7809386e-07,0.99999714
0.0005541816,0.0015559165,0.99788994
9.57298e-06,0.999985,5.47662e-06
0.00017292383,0.99974006,8.699802e-05
0.008237147,0.00403637,0.9877265
0.007666954,0.0006771234,0.99165595
6.7988367e-06,7.627818e-06,0.9999856
1.0,1.0084312e-08,2.4075977e-08
1.2595804e-07,0.99999964,2.0286907e-07
4.35186e-05,0.99917066,0.0007859328
1.0,8.461431e-09,5.2027715e-10
1.0,1.4020991e-08,4.2352525e-08
1.0046236e-05,5.7065532e-05,0.9999329
0.9995441,0.00017984965,0.00027607192
1.3759478e-05,0.9997923,0.00019403354
1.2192077e-06,0.9999677,3.1148033e-05
2.196842e-08,4.819323e-07,0.9999995
0.00011923393,0.0018028211,0.998078
9.666552e-07,0.99989164,0.00010734709
0.00021696041,0.99974555,3.7523685e-05
0.99218667,0.006799169,0.0010140755
4.356855e-06,0.0001927108,0.999803
0.9999999,9.058802e-08,6.267582e-10
1.6842396e-05,0.9959116,0.0040715383
0.97859955,0.00011004042,0.021290489
0.99997437,1.7743418e-05,7.887587e-06
0.99876523,0.0007161324,0.0005185883
0.9999596,3.7968734e-05,2.335901e-06
0.99999917,7.0643523e-07,8.1980474e-08
9.629005e-06,0.999982,8.309094e-06
0.001010795,0.9918799,0.0071092094
0.00013432528,9.88214e-06,0.99985576
3.9576324e-08,2.701375e-07,0.99999964
0.00064034027,0.00023134098,0.9991283
8.540413e-08,2.411582e-08,0.9999999
0.011091878,0.00016739673,0.98874074
1.6979051e-09,8.8382784e-08,0.9999999
8.735403e-06,7.14528e-07,0.9999906
2.4561332e-11,9.390545e-09,1.0
9.0215224e-08,8.667871e-09,0.9999999
4.9343516e-09,9.5273994e-05,0.99990475
0.9995309,0.00046526425,3.8252692e-06
0.73833406,0.2499763,0.0116896685
7.186703e-08,3.7037182e-08,0.9999999
4.489611e-06,0.00035775258,0.9996377
0.9999995,2.112377e-07,2.4141227e-07
6.44804e-08,5.95431e-07,0.9999993
0.99897873,0.0009667098,5.4601034e-05
6.708743e-05,0.99992406,8.781897e-06
7.9656964e-10,3.8454594e-08,1.0
0.00035335487,0.0009918535,0.9986547
1.0,4.1196896e-10,1.2731351e-10
1.3830435e-06,6.797799e-05,0.9999306
1.0,2.0232276e-09,1.5692846e-09
0.99999845,5.2580094e-07,1.0970323e-06
7.1954304e-07,1.6420794e-05,0.99998283
1.0,4.3300155e-10,1.4773965e-08
0.0011603995,0.9953165,0.0035230638
2.398236e-06,0.99999404,3.5511093e-06
0.9997886,2.2351321e-06,0.0002091409
1.0,5.478397e-09,3.5528733e-09
9.028223e-05,9.9877856e-05,0.9998099
4.8204423e-09,9.121841e-09,1.0
2.1332655e-08,1.4763768e-08,1.0
1.0,2.5645072e-12,2.5232476e-11
0.0014686694,0.998522,9.449322e-06
1.0,2.3165467e-09,1.672064e-08
0.020748835,0.00031201687,0.9789392
0.03534587,0.0011800986,0.96347404
0.9427906,0.05541544,0.0017939081
0.9996792,0.00023670493,8.4176834e-05
2.2141671e-06,0.99998236,1.5408406e-05
9.358478e-05,0.9998779,2.8523595e-05
4.18105e-07,3.88716e-07,0.99999917
0.0011124514,0.010511366,0.9883762
9.499709e-08,1.4402624e-05,0.99998546
0.9999585,1.01298665e-05,3.1291314e-05
0.9998461,9.7112854e-05,5.6787845e-05
0.00025865712,0.9867756,0.012965756
0.023701103,0.9751695,0.0011293134
0.004958017,0.99018353,0.004858449
0.9966627,0.002591946,0.00074526295
0.99993885,5.6393186e-05,4.7149215e-06
3.5422967e-05,2.0088783e-05,0.99994445
5.63387e-10,2.429361e-08,1.0
0.9999974,1.3118854e-06,1.3306053e-06
5.5609043e-08,0.999998,1.9882286e-06
4.067634e-10,3.9712823e-08,1.0
0.00015298516,0.97774464,0.022102365
2.2649047e-07,0.9999989,8.171152e-07
0.098952726,0.000117902266,0.90092933
0.009092713,0.00048786894,0.99041945
0.9998393,0.00011016329,5.0541108e-05
1.9286466e-08,0.9999889,1.1138124e-05
1.4939894e-09,3.4810415e-07,0.99999964
0.00046284913,3.0786417e-05,0.99950635
0.99991286,8.399922e-05,3.0815843e-06
2.1034299e-05,0.99997485,4.206611e-06
9.129256e-06,0.015284582,0.9847062
0.0010791109,0.9857055,0.013215359
2.3995315e-06,1.3937802e-06,0.9999962
1.2570506e-05,3.1147908e-06,0.99998426
0.0932153,1.7805489e-05,0.90676683
2.1186904e-07,0.9999987,1.1110707e-06
1.4023797e-06,0.99996257,3.60061e-05
0.9999995,4.5566597e-07,1.7150255e-08
0.4542167,0.04056915,0.5052142
0.07297201,0.8905211,0.03650691
2.4191294e-08,1.5503838e-06,0.99999845
0.0004953278,0.9991485,0.00035613976
1.1343956e-06,3.4537414e-05,0.99996436
1.0,1.6715695e-12,5.4355815e-15
1.3988551e-07,2.964597e-06,0.9999969
0.00014318107,0.92206055,0.077796295
0.9999999,4.807942e-10,1.2614716e-07
0.00030377158,0.0007559851,0.9989403
0.9999931,6.2790687e-06,6.314176e-07
1.1952883e-06,1.782802e-05,0.9999809
8.076066e-05,0.99894696,0.0009722658
1.912162e-06,7.387316e-06,0.9999907
0.82424116,0.13666852,0.039090358
0.999635,0.00025551533,0.00010953752
0.99156487,0.008042359,0.00039279656
0.99999964,4.2845052e-08,3.7103052e-07
0.9999702,5.3075144e-07,2.9303166e-05
0.999723,5.259269e-05,0.00022441782
0.9997054,0.000278491,1.6041648e-05
4.195176e-11,4.908104e-10,1.0
1.0290033e-05,0.0017446856,0.998245
0.08861722,0.096044324,0.81533843
0.9999728,2.4387069e-05,2.694784e-06
0.949334,0.011071711,0.039594237
0.00026962368,0.9992494,0.0004809634
5.1779534e-07,0.99998903,1.0483406e-05
0.00058259803,0.014260565,0.9851569
1.0,2.9430358e-10,3.9040463e-10
7.448395e-08,5.6471725e-07,0.9999994
0.5070966,0.44599658,0.046906848
0.999997,1.1669794e-06,1.797644e-06
0.20682244,0.792504,0.00067361735
0.9999769,2.3021077e-05,7.3695304e-08
4.7691503e-07,3.4404293e-06,0.99999607
6.144038e-06,3.1633797e-06,0.9999907
0.002973788,0.25063094,0.7463953
1.9113542e-05,0.00032716824,0.9996537
0.043004364,0.9482441,0.008751497
0.9999186,7.610548e-05,5.3564336e-06
0.99999976,2.892888e-08,2.224822e-07
5.487785e-07,0.99999833,1.0133414e-06
0.9999865,1.3331066e-05,7.039839e-08
0.999726,2.6034093e-06,0.000271374
7.483957e-06,0.9998596,0.0001329097
0.9999745,3.4951095e-06,2.2024984e-05
0.99998486,1.3901863e-05,1.1393454e-06
0.9999851,1.1430314e-05,3.5149988e-06
3.4923425e-05,0.00016995784,0.99979514
7.6009496e-07,7.693283e-07,0.99999845
3.5811148e-08,3.062522e-07,0.99999964
0.9999713,2.4111188e-05,4.633597e-06
7.044252e-08,0.99995315,4.678397e-05
1.6335869e-05,6.861652e-05,0.999915
0.9996511,0.0002570826,9.1913615e-05
8.670252e-09,3.9553847e-06,0.99999607
0.004442409,0.9938129,0.0017445892
5.8872697e-06,0.00018985492,0.9998043
0.03796389,0.96175116,0.00028487074
0.9971674,0.0018826466,0.00094988215
0.9887628,0.0022261422,0.009011135
6.8376503e-06,0.9980793,0.0019139531
0.9997645,0.00015286804,8.262026e-05
0.99995077,3.8343704e-05,1.0794153e-05
4.617614e-06,0.03812144,0.9618739
3.1255882e-09,3.9170214e-07,0.99999964
2.1585432e-08,1.9937595e-06,0.999998
5.7306653e-07,3.2197207e-07,0.99999905
6.6232224e-07,3.2965072e-05,0.9999664
1.1445367e-06,4.735642e-06,0.99999416
1.0,1.2545863e-09,1.9587327e-09
1.5915813e-10,2.3016735e-09,1.0
0.99995756,7.5748346e-07,4.1747684e-05
0.0005618763,0.000592056,0.99884605
2.3492163e-05,0.0010265864,0.99894994
2.119638e-07,0.9999995,2.8763552e-07
2.7800686e-05,8.178255e-07,0.9999714
0.99745375,0.0025456906,6.187108e-07
0.9999969,2.2530341e-07,2.8220586e-06
0.99999785,7.4805064e-07,1.4255104e-06
0.9999547,4.319803e-07,4.4793338e-05
0.9971359,0.0014772486,0.0013867967
0.00011156713,0.99986017,2.8254466e-05
4.5006963e-08,3.1313951e-09,1.0
4.6276564e-05,0.99992,3.37027e-05
1.0,2.5030935e-09,2.9136475e-09
0.41315696,7.880788e-05,0.5867642
1.8663353e-09,1.2971978e-07,0.9999999
0.9997166,0.0002595336,2.379624e-05
0.0033950072,0.03003599,0.966569
0.00028257412,0.99967027,4.7173136e-05
0.1959144,0.7784745,0.025611075
0.99994814,4.972761e-05,2.120832e-06
0.0025544998,0.64903957,0.3484059
0.9939149,0.005986432,9.8742414e-05
0.9987239,0.0010881352,0.00018783181
8.31328e-09,2.7977192e-08,1.0
0.9996797,0.0002605293,5.9857543e-05
3.9044057e-09,6.8123853e-09,1.0
0.00081411155,0.9988702,0.00031560735
0.14986895,0.8497583,0.0003727202
0.00027462465,2.2545484e-05,0.99970275
0.00042634108,0.9988022,0.00077148067
8.455359e-06,0.0018468531,0.99814475
0.013517281,0.0009755514,0.98550713
0.007057414,7.717031e-05,0.99286544
0.0005089575,0.3973693,0.6021218
0.9996823,0.00031132004,6.4879837e-06
0.9998616,1.1847808e-05,0.00012656562
0.99999976,3.5662357e-08,2.126847e-07
0.9999511,4.890375e-05,5.253337e-08
1.0457524e-08,1.4283956e-08,1.0
0.86694735,0.056119323,0.07693328
2.9948258e-06,0.00015185031,0.99984515
0.0011738157,0.014896113,0.98393005
2.869732e-07,5.5328036e-07,0.99999917
0.99998164,1.6781993e-05,1.5135168e-06
0.9969818,0.00020684318,0.0028113546
0.11762628,0.8592561,0.023117617
0.007732338,4.420867e-05,0.99222344
7.215322e-07,3.3662957e-07,0.9999989
0.01257263,0.0001863278,0.987241
5.4191998e-09,1.38314e-07,0.9999999
0.9999579,1.5782183e-06,4.056402e-05
3.273766e-05,0.00040785142,0.99955934
1.372179e-06,6.765329e-05,0.999931
4.3711562e-08,6.802553e-06,0.9999932
0.9994784,2.099993e-05,0.0005007066
1.0,1.7445869e-09,5.637471e-10
0.99999785,1.7616525e-06,3.3020825e-07
0.033460937,0.000711731,0.9658273
1.1469667e-08,9.628277e-06,0.99999034
1.8159527e-09,9.376799e-09,1.0
9.906231e-09,4.238922e-07,0.9999995
0.9999895,6.283086e-07,9.855978e-06
5.077985e-07,8.8673905e-06,0.9999906
1.3824051e-07,0.99999964,2.487679e-07
0.0021493,0.00020512976,0.99764556
0.020240152,0.16963278,0.8101271
1.8200641e-08,1.2310672e-06,0.9999988
0.00013161193,0.04119705,0.95867133
0.9992348,3.9672963e-05,0.00072557863
1.42108875e-05,0.99936956,0.0006162399
0.0132025955,0.7453558,0.24144161
8.1720026e-07,0.9999943,4.9110495e-06
0.00012049049,0.9994646,0.00041503523
0.0004215864,0.996902,0.0026764497
7.459788e-09,1.2848639e-06,0.9999987
0.9999995,5.0401854e-07,3.218322e-09
0.99930835,1.4722995e-05,0.00067687803
0.9998785,0.00011796265,3.3994875e-06
0.9324645,0.013546939,0.053988535
0.9999883,1.1512224e-05,1.1367311e-07
3.3085687e-12,4.4265626e-11,1.0
6.7172286e-09,3.269608e-10,1.0
4.901462e-07,0.99999845,1.0864478e-06
0.99952734,1.6086171e-05,0.00045655892
5.4038833e-06,9.521108e-05,0.9998994
0.0020201728,0.9781572,0.019822588
1.3135174e-08,2.2784798e-09,1.0
8.792699e-07,8.752745e-06,0.99999034
0.9999956,4.199475e-06,2.2880704e-07
0.00010135731,7.4189284e-06,0.99989116
0.005187719,0.84672946,0.1480828
0.99999917,4.0926022e-07,4.6915872e-07
0.99999654,2.7199421e-06,7.187943e-07
4.291953e-14,7.892507e-12,1.0
1.1744105e-08,1.3488195e-09,1.0
2.1512152e-08,6.8683437e-09,1.0
0.99996173,3.1612297e-05,6.733689e-06
0.00022834967,0.99974316,2.8481481e-05
2.9846878e-09,3.2000395e-07,0.99999964
2.1291467e-06,0.99998415,1.3733969e-05
0.9998672,0.00012512208,7.591017e-06
0.010046826,0.0018150227,0.98813814
0.018128946,0.0009127527,0.9809583
5.9584963e-06,1.6190002e-05,0.9999778
3.9282266e-09,3.2383172e-09,1.0
7.557848e-07,2.2676419e-05,0.9999765
1.7624878e-07,0.9999975,2.434506e-06
8.896479e-06,0.99983144,0.00015956338
0.9872394,0.010544195,0.0022164544
0.000113379094,2.6369034e-05,0.9998603
1.6729826e-06,2.804035e-05,0.9999703
0.0075013745,0.021805434,0.9706932
0.0017525832,0.9971878,0.0010596594
3.0602205e-05,0.00022938722,0.99973994
4.0264226e-08,4.6971363e-06,0.99999523
0.9994777,0.00016497624,0.0003573206
0.00015160059,0.9996537,0.00019472696
0.99999726,2.4716435e-06,1.835044e-07
1.4363966e-05,8.100771e-06,0.9999776
6.7574373e-09,4.9896144e-08,1.0
0.9999846,1.2116678e-05,3.1624675e-06
0.03866251,0.96123636,0.0001011004
2.329617e-05,0.0001288174,0.9998479
0.00010881309,0.9981444,0.001746878
0.9999956,3.276633e-06,1.1992256e-06
0.00042643785,0.01859519,0.98097837
0.9999653,2.8961384e-05,5.7242814e-06
0.99981374,0.00014660612,3.969784e-05
0.99920696,0.00054925046,0.00024384768
0.10296345,1.2059638e-05,0.8970245
1.0,4.443894e-08,4.0961723e-08
1.0933748e-05,0.035693906,0.96429515
0.9999789,1.0273235e-05,1.0895056e-05
6.9494326e-06,6.9822265e-05,0.9999232
0.9999893,2.566238e-07,1.0435032e-05
8.211349e-05,0.9995018,0.000416047
1.9342112e-09,8.817799e-09,1.0
0.9999995,5.2352863e-08,5.1926156e-07
3.0665968e-09,3.972568e-09,1.0
0.0023096742,0.8684211,0.1292692
7.542585e-15,1.0,8.3664244e-13
0.007988224,0.9886989,0.00331281
0.99919635,0.0007123826,9.12493e-05
0.016324796,0.97860456,0.005070691
0.0015855576,0.010079644,0.9883348
1.510808e-05,4.323048e-05,0.9999417
0.9932822,0.0018728815,0.0048449305
3.6403762e-08,2.3551212e-07,0.99999976
7.175357e-07,3.3480155e-06,0.99999595
1.0,1.7438525e-08,3.2120884e-08
5.562247e-10,1.2105053e-08,1.0
0.9899378,0.0024150948,0.007647126
0.6254627,0.09727562,0.2772617
2.4791177e-08,4.3488135e-06,0.9999956
0.00028198413,0.99971634,1.6339937e-06
0.002763132,0.9962837,0.0009531756
1.2793767e-07,1.1790044e-06,0.9999987
0.0005873632,3.8863304e-06,0.9994087
0.5558012,0.031326506,0.4128723
1.1174999e-05,1.331276e-07,0.9999887
0.68394125,0.254094,0.061964765
0.9999995,1.0378696e-07,3.9729113e-07
0.95695037,0.042149328,0.0009002577
0.9999988,6.9607523e-07,5.3143674e-07
1.0,2.6241267e-08,3.5267327e-08
0.9999988,1.06521654e-07,1.0462728e-06
0.99992263,6.40748e-05,1.3206538e-05
0.23609327,0.009681032,0.7542257
0.0012537378,1.0995148e-05,0.99873525
0.9999819,9.501289e-06,8.609893e-06
0.9997812,0.00012063859,9.814867e-05
1.0333269e-07,1.8831933e-07,0.99999976
0.072990395,0.9002528,0.026756747
0.000150986,0.0007848301,0.99906415
2.3861892e-05,2.1167366e-06,0.999974
2.224244e-08,0.9999999,1.7394551e-07
3.5129986e-05,0.0001891593,0.9997757
1.2355368e-07,0.9999976,2.2325762e-06
0.9995875,0.0002880392,0.00012454062
1.9722825e-07,1.4499325e-07,0.99999964
4.825153e-05,5.0404024e-06,0.9999467
0.9997719,4.4156215e-05,0.00018399175
0.9999901,2.7741705e-06,7.1589698e-06
7.0774416e-07,7.747169e-09,0.9999993
1.0,3.8030348e-09,1.0480742e-09
0.9999999,1.3386017e-08,9.970214e-08
0.027823532,0.9672391,0.004937465
0.002847493,0.9824296,0.0147228185
0.9999999,2.8907262e-08,1.4567966e-07
0.99965036,8.945208e-05,0.00026017433
1.0,1.6012565e-08,4.452571e-09
6.985721e-07,0.99999356,5.7244483e-06
0.99999917,8.5250474e-07,5.9922365e-09
1.5965188e-10,1.0,2.5970495e-08
0.00423956,0.0016798442,0.9940806
0.0051558977,3.399114e-05,0.9948101
0.0021399502,0.00020148755,0.9976585
1.549419e-05,0.9999362,4.8290014e-05
4.1480473e-07,0.9999995,1.4953905e-07
0.9998692,8.871022e-05,4.2054708e-05
0.0073765563,0.019654978,0.97296846
0.9999629,1.4289987e-05,2.2726059e-05
8.56442e-09,5.1513116e-08,0.9999999
2.8039685e-06,0.99999666,4.3182587e-07
1.0,1.8656166e-09,4.5660096e-13
0.00060802,4.293537e-05,0.99934906
0.09100175,0.74266064,0.16633765
6.2531257e-07,0.0036881028,0.99631125
0.9999999,1.3538998e-07,1.06247375e-08
5.5455858e-09,0.999998,1.9746155e-06
0.9999969,9.4101495e-07,2.10918e-06
0.06296022,0.2071407,0.7298991
0.010939212,0.98891616,0.0001446048
3.3342176e-06,0.9999945,2.1768062e-06
0.00083096896,0.88760024,0.111568786
7.314026e-05,3.404526e-06,0.99992347
7.681899e-08,0.99999905,8.645227e-07
0.0003814756,0.016753336,0.9828652
0.9995958,0.00030602887,9.816126e-05
0.9988405,0.00036513488,0.0007943649
0.9563942,0.001637034,0.04196878
0.00072257087,0.00033247672,0.99894494
1.1190846e-05,6.9854364e-06,0.9999819
6.797491e-06,3.013144e-05,0.99996305
0.9999695,2.8624858e-05,1.9423992e-06
0.0026029423,0.9936132,0.0037839895
0.99965656,1.2328103e-05,0.00033119813
0.22405574,0.7609028,0.015041481
7.908898e-05,0.9996489,0.00027195385
2.9492637e-09,1.9589539e-08,1.0
9.6998665e-06,0.99999,3.4509353e-07
0.9998894,0.000109497596,1.0686717e-06
0.984599,0.006905517,0.008495507
0.10326385,0.89245874,0.004277431
0.0051702573,0.992378,0.002451772
1.33207e-06,8.6662334e-07,0.99999785
0.0026173207,0.46038577,0.5369969
2.1656703e-07,5.7383786e-06,0.99999404
1.7138377e-06,0.0028201381,0.9971782
0.9933293,0.005351817,0.0013188778
0.9999999,7.3169666e-08,2.303141e-08
0.00037961936,0.18620703,0.8134133
1.0,1.1517425e-10,1.0829054e-10
0.99930847,0.00059916603,9.237526e-05
0.99818075,6.7522116e-05,0.0017517947
1.0,2.2003477e-09,1.7202222e-08
0.9994192,0.00043937258,0.00014145373
0.99784863,0.0014843496,0.00066710584
7.490992e-06,1.4440257e-05,0.99997807
3.9120388e-07,1.5200017e-06,0.9999981
0.99993825,4.155304e-05,2.0142414e-05
0.9999987,4.8347566e-08,1.3269449e-06
0.99969244,4.4762673e-05,0.00026271708
1.7797005e-05,0.99933857,0.00064367417
0.9999968,2.7665853e-06,4.3778743e-07
0.99994075,4.464077e-05,1.4603646e-05
1.0,2.8730915e-09,2.0886701e-09
0.9999994,1.7316981e-07,4.9619024e-07
0.9999962,2.0654818e-06,1.8112596e-06
8.376083e-05,0.00018160278,0.9997346
4.3098935e-06,2.1705688e-05,0.999974
0.99999917,2.2250372e-07,5.7811565e-07
1.7332763e-05,0.61408865,0.385894
2.1660111e-09,2.6771643e-08,1.0
0.9999945,4.780427e-07,5.032449e-06
8.550794e-05,0.99751604,0.0023984278
0.96131855,0.03832952,0.000351902
9.041295e-09,1.9060492e-08,1.0
0.0040595913,0.98984843,0.006091934
8.5807716e-07,3.454691e-05,0.9999646
3.9003666e-07,0.99999964,2.5728992e-08
0.99998987,9.7759985e-06,3.6125672e-07
0.032692924,0.008547786,0.9587593
3.2901433e-05,0.9994779,0.000489177
3.5639626e-08,6.700583e-07,0.9999993
8.3151147e-10,1.3427578e-07,0.9999999
1.0,4.8209613e-11,8.200035e-13
3.6069966e-06,5.2243865e-07,0.9999958
6.3812755e-09,2.6081377e-09,1.0
0.098470174,0.8848453,0.016684508
1.8591269e-05,7.481579e-05,0.99990654
0.9968262,0.0004374111,0.0027364264
0.00019955251,0.0064492594,0.99335116
0.99998343,3.7070108e-06,1.2895784e-05
0.01903978,0.9793864,0.0015737634
1.63514e-10,2.1457096e-10,1.0
0.99965453,0.00015427102,0.00019115116
0.004765362,0.0012870035,0.9939476
0.029207086,0.9707373,5.5633587e-05
3.8763663e-08,9.786213e-09,1.0
1.9956467e-05,0.999453,0.00052707235
0.9861812,0.0091348,0.004684054
1.0,3.1971805e-08,6.187501e-10
0.014991335,0.9848567,0.00015194825
0.00045099083,0.00043415377,0.9991148
0.030562826,0.9691131,0.00032408154
1.0,9.512476e-10,5.7143884e-10
0.9946473,0.0053140996,3.856918e-05
0.9945029,2.474078e-05,0.005472317
0.0007329972,0.9992668,2.6023065e-07
0.99999976,8.51473e-08,1.0016226e-07
1.4325536e-07,3.1816379e-07,0.9999995
0.8807581,0.0043642954,0.114877634
8.015047e-08,0.99999726,2.6188843e-06
0.9999999,1.17815546e-07,4.9038974e-08
0.99996006,3.8814032e-05,1.0296742e-06
4.4663782e-08,3.8284437e-08,0.9999999
0.9997812,2.4280549e-05,0.00019447767
2.1530512e-05,0.6310103,0.36896822
0.9999603,3.508353e-05,4.6058694e-06
0.002273397,0.9977149,1.17840755e-05
0.084161334,0.023110434,0.8927282
3.102448e-08,8.057801e-07,0.99999917
0.97912574,0.015754474,0.005119709
0.9954861,0.00055177475,0.0039620814
0.19359961,0.004351491,0.8020489
1.0,1.4377072e-09,2.5153708e-08
0.99822,0.0004962177,0.0012836909
2.8102454e-07,9.088165e-07,0.9999988
1.0,2.7719947e-12,5.1247217e-13
1.0,2.818979e-08,1.3155358e-08
0.153959,0.84406894,0.0019720339
0.9999981,1.6595219e-06,2.3011974e-07
7.22154e-06,5.6674357e-06,0.9999871
7.404735e-05,0.9978806,0.0020455143
2.7451704e-06,2.4438323e-06,0.99999475
0.999997,3.0252402e-06,4.715317e-08
5.085752e-07,2.5262584e-06,0.999997
0.9998196,0.00012639529,5.4141216e-05
3.0065078e-10,4.536333e-08,1.0
2.5455924e-09,6.899767e-08,0.9999999
1.8896724e-08,0.99999976,2.35381e-07
0.9999944,5.421721e-06,1.8799747e-07
1.9187883e-10,2.4407991e-09,1.0
0.9994142,0.0005844522,1.3334108e-06
0.9890827,0.0036767314,0.0072405627
1.4298025e-05,0.99223375,0.0077519557
0.0021475372,0.0003532915,0.99749917
4.3396144e-06,0.99989307,0.00010262281
0.97973686,0.0039192815,0.016343825
1.0,9.489931e-10,1.2197818e-10
0.99859565,0.001369583,3.4717315e-05
0.0015352354,0.8784723,0.119992375
0.9998541,0.00010697497,3.8870745e-05
2.87327e-07,1.6777389e-05,0.99998295
0.9936079,0.004192013,0.0022001327
0.8150602,0.18392308,0.0010167365
4.3876565e-09,6.243972e-09,1.0
0.98368144,0.015859568,0.00045897
0.99999475,5.2561472e-06,2.6767008e-08
0.99999154,3.7537584e-06,4.7898666e-06
0.00015836593,0.00011177132,0.9997298
2.26052e-08,0.9999995,4.246788e-07
1.0,1.4743126e-10,3.7238567e-12
0.99991655,7.738576e-05,6.089486e-06
0.30959558,0.61554325,0.07486116
2.1959046e-07,2.1198765e-07,0.9999995
2.8590495e-08,2.0805734e-05,0.99997914
0.60101056,0.37615383,0.022835588
5.7400915e-09,0.99999356,6.410253e-06
0.999838,3.984924e-05,0.00012215947
0.9999994,4.1852033e-09,5.666556e-07
2.5213267e-06,0.0002636981,0.99973375
1.7110001e-09,1.5815633e-08,1.0
0.012491969,0.00011640197,0.98739165
0.8342542,0.00068525417,0.16506054
1.8479125e-06,1.706307e-06,0.9999964
1.5460843e-06,0.00017535378,0.99982315
0.95671576,0.016842991,0.02644116
0.99999964,2.246057e-09,3.1565023e-07
5.1668665e-09,3.7836876e-09,1.0
0.95937884,0.021616925,0.01900428
0.9999745,1.8744431e-05,6.742457e-06
0.00011240878,0.035088383,0.9647992
0.99992955,6.137498e-07,6.9833164e-05
1.663095e-06,1.0571512e-05,0.9999877
0.9999976,1.5756536e-06,8.45208e-07
0.002715098,0.9971547,0.00013011278
0.99991906,7.275967e-05,8.21247e-06
0.99999523,2.136678e-06,2.6799412e-06
0.9999993,7.659797e-07,3.015006e-09
7.356385e-08,2.4064457e-07,0.99999964
0.99950933,0.00030741838,0.00018325672
0.00016622164,0.018478522,0.98135525
0.0010752414,0.9913408,0.0075839446
0.00095842365,0.99789596,0.0011456059
1.3193357e-05,0.00019207767,0.9997948
1.0838487e-05,0.00012336453,0.9998658
2.5821646e-06,0.11779865,0.8821988
1.0,2.239843e-08,2.673132e-09
0.9864211,0.0002861027,0.013292843
1.4524163e-05,4.6287823e-05,0.9999392
2.2242411e-06,0.07047899,0.9295188
1.8082393e-06,0.99965394,0.00034430515
0.9999994,2.2956743e-09,5.7636515e-07
0.9999993,5.8474967e-07,9.872583e-08
0.00013791618,0.98156494,0.018297134
1.0,1.6235807e-08,2.3677127e-09
0.9993362,0.00014740945,0.0005164701
5.6271183e-05,0.0038983938,0.9960453
0.00013212505,5.0971063e-05,0.99981695
5.332838e-11,7.765608e-09,1.0
0.0036277988,0.94223213,0.05414002
0.0009340341,0.1804292,0.8186368
0.9999502,4.9024457e-05,8.027141e-07
7.095514e-08,1.7856731e-08,0.9999999
0.0017214086,0.99814415,0.00013450609
1.554061e-07,1.6012436e-05,0.9999838
1.473743e-06,4.4516473e-06,0.99999404
0.99993217,1.1699462e-05,5.6118926e-05
0.55828285,0.44125336,0.0004638282
1.5467789e-11,2.249008e-12,1.0
0.99989295,1.0110826e-05,9.691072e-05
1.6635799e-05,3.9513825e-06,0.9999794
1.437388e-06,0.9999976,9.3071174e-07
1.0,3.9433548e-08,9.643422e-10
0.99702746,0.0024410684,0.0005315347
0.0030232873,0.00038586964,0.99659085
1.1002845e-09,1.2585697e-09,1.0
0.9999269,4.951512e-05,2.366093e-05
0.38428426,0.6101343,0.0055814683
0.9993855,0.00060574495,8.872011e-06
0.0012829836,6.175032e-05,0.9986552
2.9432304e-06,0.9999734,2.3593573e-05
0.9988944,0.00025372088,0.0008518225
5.7845495e-10,2.6838094e-09,1.0
3.9721325e-08,0.99999857,1.4312299e-06
0.9998536,0.00013526443,1.10499195e-05
2.2568796e-05,0.9999598,1.7685417e-05
5.437705e-08,3.77029e-08,0.9999999
4.36707e-05,0.9791672,0.020789092
0.9999317,2.6632628e-05,4.1674884e-05
9.354986e-05,1.075209e-06,0.99990535
0.000218206,0.8381297,0.1616521
4.143649e-05,1.7591894e-05,0.999941
0.8135645,0.012176577,0.17425895
0.9653108,0.03390486,0.0007843929
0.9723769,0.023088729,0.00453447
2.5783893e-05,0.006818113,0.99315614
0.9998698,2.7110558e-05,0.00010305715
1.607869e-06,1.5789571e-07,0.9999982
3.155192e-07,2.2189697e-06,0.9999975
0.002537985,0.0001625134,0.9972995
0.06910029,0.06805577,0.8628439
6.378916e-08,2.2505806e-06,0.99999774
0.9995173,0.00042652737,5.617428e-05
1.3730161e-06,0.9999753,2.3223383e-05
0.99999523,1.963604e-06,2.9155672e-06
0.99931467,0.0006205243,6.475608e-05
0.999747,0.0002110011,4.2032007e-05
3.947349e-09,3.871172e-08,1.0
1.0,4.9200498e-08,5.228652e-08
6.6240113e-06,3.8120859e-06,0.9999895
0.99776053,0.0020052982,0.00023421235
1.01617666e-10,2.9964338e-09,1.0
0.007558747,0.9922299,0.000211338
0.9999869,2.2868714e-06,1.0871406e-05
0.9999999,1.6325144e-08,6.628914e-08
0.038374763,6.6032626e-05,0.96155924
0.9999844,1.5010574e-05,5.7064875e-07
2.4663507e-06,0.99869365,0.0013038431
0.9860482,0.013383565,0.0005682736
0.9998042,0.00016450517,3.1380285e-05
3.2218497e-05,4.2003456e-05,0.99992573
1.1327937e-08,3.834875e-08,1.0
5.933147e-06,0.99962246,0.0003715169
3.3876657e-10,1.9138834e-10,1.0
1.6704139e-08,1.2853699e-06,0.9999987
0.99967957,0.0003018802,1.8615981e-05
0.9989329,0.000352658,0.00071448844
1.5762687e-05,0.0006094864,0.9993748
5.861014e-06,0.99999416,2.6390387e-08
0.9999987,1.3136699e-06,4.7830806e-08
2.1469053e-07,8.745651e-06,0.99999106
0.018669046,0.69540626,0.28592464
0.99999917,2.804006e-07,5.838858e-07
0.9999609,3.2234726e-05,6.9204607e-06
0.00065399,0.9954613,0.0038846785
0.00032448492,0.99915946,0.00051615154
5.2408235e-05,1.0051141e-05,0.99993753
0.9998946,9.186168e-05,1.3428765e-05
1.1397559e-14,4.258039e-11,1.0
0.99977154,0.00011290788,0.000115560164
0.0022709363,0.11722534,0.8805037
1.3446284e-07,2.601209e-07,0.99999964
1.0,5.44131e-10,5.1172915e-08
1.7303193e-05,0.00016849214,0.9998142
0.009859014,5.7017107e-05,0.99008393
8.672787e-06,1.9070101e-05,0.9999722
0.98917705,0.0023444316,0.008478552
0.7260739,0.009360712,0.26456535
0.00024857797,0.9984487,0.0013026841
0.00020362483,0.9997559,4.0432442e-05
1.0817765e-08,0.9999974,2.6782322e-06
0.13848977,0.112631634,0.7488786
0.9999988,1.1549696e-06,5.6524144e-08
6.144774e-08,9.103539e-07,0.99999905
0.011571535,0.002236413,0.9861921
1.0,5.6890876e-08,5.018467e-08
0.99999964,8.04168e-08,2.3340448e-07
2.2307613e-07,4.511783e-07,0.9999993
5.1442614e-05,0.00017718539,0.9997714
2.6903304e-05,0.9999033,6.971535e-05
0.99372345,0.0010638471,0.005212611
0.98215747,0.016289916,0.0015526292
3.401338e-11,1.1705522e-09,1.0
1.0908174e-06,7.3785495e-06,0.99999154
0.9159824,0.07434555,0.009672059
5.9586946e-05,0.009865176,0.9900752
0.0002564199,0.8380273,0.16171624
0.99990857,6.934538e-05,2.2089118e-05
1.3153933e-05,0.00245109,0.9975357
0.00028195992,0.022431673,0.9772864
3.0433496e-11,2.065126e-07,0.99999976
4.0314933e-07,9.93817e-06,0.9999896
0.9999212,7.748833e-05,1.3056025e-06
0.00015191424,0.99961567,0.00023232782
0.99999917,8.788442e-07,2.10831e-08
0.08165948,0.88470525,0.03363525
0.00014208221,6.176735e-05,0.9997962
1.0,2.088242e-11,3.9706233e-12
0.00068424735,0.98202306,0.017292656
0.99999833,3.915976e-08,1.7173707e-06
1.4915179e-10,9.924248e-11,1.0
0.99994457,5.178647e-07,5.490573e-05
4.302045e-09,1.0,2.2405498e-10
1.8121889e-06,2.0638236e-06,0.99999607
0.06335355,0.9365742,7.223562e-05
5.106798e-08,0.9999995,4.411331e-07
0.00044308,0.00035805622,0.99919885
4.924852e-10,2.8037396e-08,1.0
1.0,8.897965e-09,7.318562e-11
7.304669e-06,0.00024917393,0.9997435
0.0011575627,0.93825346,0.06058897
1.425387e-06,0.9999981,4.8029455e-07
0.0010316977,0.00017429992,0.99879396
0.022595847,0.00061552983,0.97678864
0.0007344358,0.9990662,0.00019938881
0.0010559736,0.036962304,0.9619818
3.7380216e-10,2.1531733e-08,1.0
1.5818952e-07,3.243604e-07,0.9999995
5.149746e-07,2.937925e-05,0.9999701
1.3671309e-10,1.5221774e-10,1.0
0.024985554,0.014974468,0.96004003
0.91198516,0.054428313,0.03358656
0.99999225,7.1188983e-06,5.988179e-07
0.99182093,0.0061475825,0.0020314928
3.7525197e-06,0.9999418,5.4527733e-05
1.8143632e-05,0.99997854,3.3157537e-06
3.8784103e-07,6.9636144e-06,0.9999926
0.99340194,0.0038652446,0.002732805
0.002122082,1.8760216e-05,0.9978592
0.00037407633,1.822168e-05,0.99960774
4.8112946e-07,2.1563663e-07,0.9999993
4.3886537e-08,7.7938785e-06,0.99999213
0.9909576,0.005164435,0.003877843
5.2425047e-08,0.99999845,1.5319033e-06
6.8591917e-06,5.824005e-07,0.9999926
1.0,1.638104e-08,1.1375375e-08
0.00026589714,0.74604183,0.25369224
4.4688284e-05,0.0006519999,0.99930334
3.760802e-08,5.901391e-08,0.9999999
3.9479033e-05,0.9999057,5.481743e-05
5.373371e-06,0.9999925,2.1204305e-06
0.72050434,0.08893622,0.19055942
0.99515826,0.003005503,0.0018361763
2.656395e-08,4.031183e-07,0.9999995
1.0,3.2106367e-08,1.3864727e-08
0.0002652427,0.9717173,0.0280174
0.99985385,8.832839e-05,5.7808127e-05
0.99984956,0.00014204954,8.336572e-06
1.6579546e-05,7.065373e-05,0.99991274
0.0008282887,0.9985512,0.0006204886
1.0233936e-07,7.093212e-07,0.99999917
0.00012774656,3.9675346e-05,0.9998325
0.9990176,4.007261e-05,0.0009423996
0.9999937,3.8792964e-06,2.3660716e-06
0.0011035105,0.001724347,0.9971722
8.929155e-05,0.0021674624,0.99774325
5.1857242e-08,0.0027451953,0.9972548
0.008672707,0.0009216284,0.9904056
1.18025056e-07,0.00010776246,0.9998921
2.9151389e-08,0.9989039,0.0010961291
1.1220113e-05,0.011116985,0.98887175
2.6637128e-05,0.0009280497,0.9990453
0.38304514,0.00015690982,0.616798
0.00016334672,0.99982697,9.769709e-06
4.554812e-05,0.9998847,6.973719e-05
3.7011162e-06,0.99999416,2.1619692e-06
1.0,3.566372e-08,3.6901803e-08
0.00020709023,0.0004573339,0.9993356
0.000530225,0.99944943,2.0334228e-05
0.00015836579,0.00011177132,0.9997298
0.9969626,0.0018892222,0.001148153
4.214024e-06,6.4884043e-06,0.9999893
0.005797331,0.1073907,0.886812
1.0,1.5061022e-11,3.8026395e-11
0.999701,0.00016264938,0.00013635833
0.9999882,8.48129e-06,3.332893e-06
0.9961468,0.00025219665,0.003600916
0.0036652396,0.028215356,0.96811944
9.755112e-06,0.99998915,1.1217847e-06
1.1604461e-06,0.9999505,4.8302038e-05
1.2213001e-06,0.00016641486,0.9998324
0.9999021,9.2920134e-05,4.9391488e-06
6.4485756e-10,0.9999995,4.453436e-07
0.008633193,0.0004967432,0.99087006
0.99999106,4.170322e-06,4.7948597e-06
0.17248373,0.07824848,0.74926776
0.9993843,2.9432516e-05,0.0005862517
0.99998665,5.3371555e-06,8.027614e-06
5.046356e-07,6.231824e-08,0.9999994
1.1829713e-08,5.0920928e-08,0.9999999
4.347714e-06,4.11346e-06,0.99999154
0.00033754518,0.0011924296,0.99847
0.9999943,1.9264971e-06,3.861813e-06
7.5955853e-07,9.561281e-08,0.99999917
0.00037805928,0.0014396871,0.9981823
0.008378873,0.0023783022,0.98924285
3.5141326e-10,1.0,2.7859057e-10
4.506596e-06,0.9998354,0.00016003795
0.9955331,0.0028816112,0.0015852725
0.0002469326,0.00047790003,0.99927515
0.99998355,1.6099868e-05,2.9901358e-07
0.0043461793,0.99492633,0.0007275181
1.6312254e-09,2.6318057e-08,1.0
0.00035045974,0.99789435,0.0017552824
1.383579e-06,2.1742355e-06,0.9999964
0.9986368,0.0013583822,4.858042e-06
0.00035976595,0.99962544,1.4748889e-05
1.1664362e-07,0.0041139047,0.995886
0.06804,0.70357275,0.22838728
4.332934e-05,0.9998387,0.000117827534
3.8311657e-05,3.0776355e-05,0.99993086
1.7051298e-05,7.0707884e-09,0.99998295
0.99961025,6.5382737e-06,0.00038321567
0.99999917,1.2667607e-07,6.6633794e-07
0.00054776,9.217059e-05,0.99936
1.0766352e-06,1.5407133e-05,0.99998355
9.341314e-08,1.5895476e-07,0.99999976
0.00015841103,7.384022e-07,0.99984086
0.9981108,0.0018429908,4.6312238e-05
0.0003244924,0.20138004,0.79829544
6.776549e-06,0.00036046145,0.9996327
0.9999974,2.4188614e-06,2.0578192e-07
0.99947375,0.00052540353,8.323189e-07
0.999979,3.0285864e-06,1.7968088e-05
4.5095905e-05,0.9990969,0.0008580365
6.58416e-05,0.000577751,0.99935645
0.9999901,9.911265e-06,3.9211006e-08
2.7897784e-08,0.99999964,3.6285027e-07
0.8891899,0.00041747748,0.11039263
0.0024515644,0.99360836,0.003940006
1.2358724e-07,7.018329e-05,0.99992967
5.1393926e-07,6.7562582e-06,0.9999927
0.98344296,0.011650006,0.004906986
6.182847e-08,1.653006e-08,0.9999999
1.7353728e-05,0.99992573,5.6832458e-05
3.3319152e-06,8.162543e-06,0.99998856
0.99999547,4.1389285e-06,3.2758655e-07
0.9998246,0.0001532033,2.2337901e-05
0.97840196,0.02153818,5.9876533e-05
4.0819899e-07,0.9999987,8.96675e-07
8.557225e-07,5.5402876e-07,0.99999857
6.8949646e-08,1.1030212e-07,0.99999976
1.1761095e-05,3.2679757e-06,0.999985
4.9451423e-06,7.311138e-06,0.9999877
1.5506101e-06,0.9999728,2.5679095e-05
0.00055489945,0.9994147,3.0424024e-05
5.73344e-08,6.6466905e-06,0.9999933
0.9982493,0.0010951934,0.0006556115
1.0793453e-08,9.096769e-09,1.0
0.9999138,7.5075172e-06,7.8690005e-05
0.7070674,0.17215805,0.120774575
7.5687e-05,3.5704932e-06,0.9999207
0.9967175,0.0005232875,0.0027591612
0.9932909,0.006168065,0.0005410406
1.6181167e-07,1.1058286e-06,0.9999987
4.94084e-08,4.4786117e-07,0.9999995
3.5116835e-07,2.0162324e-07,0.9999994
0.00034628648,0.0019227967,0.9977309
0.001713429,0.87645495,0.12183173
1.4796364e-08,0.0001062424,0.9998938
0.00043827956,0.004387992,0.99517375
0.0037229373,0.017782513,0.9784945
0.00044010644,8.779132e-06,0.9995511
1.1091015e-08,0.99724257,0.0027574308
0.01704963,0.017377673,0.9655727
2.2422801e-11,8.8639474e-10,1.0
0.00047926352,0.0028986956,0.9966221
3.002355e-07,0.00022184929,0.99977785
0.9999765,1.446543e-05,9.090541e-06
1.2980777e-07,8.2383036e-07,0.99999905
0.0053075314,0.9918583,0.0028341296
0.99986374,0.00013257694,3.742406e-06
0.998755,0.00010801895,0.0011370906
3.6699744e-06,0.945613,0.05438329
1.7485194e-11,1.3878683e-10,1.0
0.9973242,0.0019948748,0.00068093074
0.9998764,0.00011985008,3.765531e-06
1.4381627e-06,0.99990606,9.25104e-05
